0.000000000000000000

2.608695652173913082

5.217391304347826164

7.826086956521739246

10.434782608695652328

13.043478260869564522

15.652173913043478493

18.260869565217390686

20.869565217391304657

23.478260869565218627

26.086956521739129045

28.695652173913043015

31.304347826086956985

33.913043478260867403

36.521739130434781373

39.130434782608695343

41.739130434782609314

44.347826086956523284

46.956521739130437254

49.565217391304351224

52.173913043478258089

54.782608695652172059

57.391304347826086030

60.000000000000000000

62.608695652173913970

65.217391304347827941

67.826086956521734805

70.434782608695655881

73.043478260869562746

75.652173913043483822

78.260869565217390686

80.869565217391297551

83.478260869565218627

86.086956521739125492

88.695652173913046568

91.304347826086953432

93.913043478260874508

96.521739130434781373

99.130434782608702449

101.739130434782609314

104.347826086956516178

106.956521739130437254

109.565217391304344119

112.173913043478265195

114.782608695652172059

117.391304347826093135

120.000000000000000000

122.608695652173906865

125.217391304347827941

127.826086956521734805

130.434782608695655881

133.043478260869562746

135.652173913043469611

138.260869565217404897

140.869565217391311762

143.478260869565218627

146.086956521739125492

148.695652173913032357

151.304347826086967643

153.913043478260874508

156.521739130434781373

159.130434782608688238

161.739130434782595103

164.347826086956530389

166.956521739130437254

169.565217391304344119

172.173913043478250984

174.782608695652186270

177.391304347826093135

180.000000000000000000